bin,#recs,#g,#b,%g,%b,tot,cg,cb,%cg,FDR,KS,FPR
0.0,0.0,0.0,0.0,0.0,0.0,0.0,0.0,0.0,0.0,0.0,0.0,0.0
1.0,2501.0,662.0,1839.0,26.469412235105956,73.53058776489405,2501.0,662.0,1839.0,0.26860778394520723,51.12593828190158,50.857330497956376,0.35997824904839587
2.0,2500.0,2450.0,50.0,98.0,2.0,5001.0,3112.0,1889.0,1.2627000357061706,52.51598554350848,51.25328550780231,1.6474325039703548
3.0,2501.0,2457.0,44.0,98.24070371851259,1.7592962814874085,7502.0,5569.0,1933.0,2.259632551043594,53.739227133722544,51.47959458267895,2.8810139679255045
4.0,2500.0,2487.0,13.0,99.48,0.519999999999996,10002.0,8056.0,1946.0,3.2687376245658455,54.10063942174034,50.831901797174496,4.139773895169578
5.0,2501.0,2487.0,14.0,99.44022391043582,0.5597760895641812,12503.0,10543.0,1960.0,4.277842698088097,54.48985265499027,50.21200995690218,5.379081632653061
6.0,2500.0,2481.0,19.0,99.24,0.7600000000000051,15003.0,13024.0,1979.0,5.284513259973383,55.01807061440089,49.73355735442751,6.581101566447701
7.0,2501.0,2482.0,19.0,99.24030387844861,0.7596961215513858,17504.0,15506.0,1998.0,6.291589573798163,55.54628857381151,49.254699000013346,7.7607607607607605
8.0,2500.0,2481.0,19.0,99.24,0.7600000000000051,20004.0,17987.0,2017.0,7.2982601356834484,56.07450653322213,48.77624639753868,8.917699553792762
9.0,2501.0,2484.0,17.0,99.32027189124351,0.6797281087564926,22505.0,20471.0,2034.0,8.306147953387217,56.54712260216847,48.240974648781254,10.06440511307768
10.0,2500.0,2487.0,13.0,99.48,0.519999999999996,25005.0,22958.0,2047.0,9.315253026909469,56.90853489018627,47.5932818632768,11.215437225207621
11.0,2501.0,2484.0,17.0,99.32027189124351,0.6797281087564926,27506.0,25442.0,2064.0,10.323140844613237,57.38115095913261,47.05801011451938,12.3265503875969
12.0,2500.0,2484.0,16.0,99.36,0.6400000000000006,30006.0,27926.0,2080.0,11.331028662317006,57.82596608284682,46.49493742052981,13.425961538461538
13.0,2501.0,2488.0,13.0,99.48020791683327,0.5197920831667346,32507.0,30414.0,2093.0,12.340539487778752,58.18737837086461,45.84683888308585,14.531294792164358
14.0,2500.0,2482.0,18.0,99.28,0.7199999999999989,35007.0,32896.0,2111.0,13.347615801603531,58.68779538504309,45.34017958343956,15.583135954523922
15.0,2501.0,2479.0,22.0,99.1203518592563,0.8796481407436971,37508.0,35375.0,2133.0,14.353474859609829,59.299416180150125,44.9459413205403,16.584622597280823
16.0,2500.0,2481.0,19.0,99.24,0.7600000000000051,40008.0,37856.0,2152.0,15.360145421495115,59.82763413956074,44.467488718065624,17.5910780669145
17.0,2501.0,2485.0,16.0,99.36025589764094,0.6397441023590602,42509.0,40341.0,2168.0,16.368438991138376,60.27244926327495,43.904010272136574,18.607472324723247
18.0,2501.0,2491.0,10.0,99.60015993602559,0.3998400639744091,45010.0,42832.0,2178.0,17.379167072418607,60.55045871559633,43.171291643177724,19.66574839302112
19.0,2500.0,2482.0,18.0,99.28,0.7199999999999989,47510.0,45314.0,2196.0,18.386243386243386,61.05087572977481,42.66463234353142,20.63479052823315
20.0,2501.0,2489.0,12.0,99.52019192323071,0.47980807676928805,50011.0,47803.0,2208.0,19.396159963644624,61.38448707256047,41.98832710891584,21.649909420289855
21.0,2500.0,2482.0,18.0,99.28,0.7199999999999989,52511.0,50285.0,2226.0,20.403236277469407,61.88490408673895,41.48166780926954,22.58984725965858
22.0,2501.0,2485.0,16.0,99.36025589764094,0.6397441023590602,55012.0,52770.0,2242.0,21.411529847112668,62.329719210453156,40.91818936334049,23.537020517395185
23.0,2500.0,2488.0,12.0,99.52,0.480000000000004,57512.0,55258.0,2254.0,22.421040672574414,62.66333055323881,40.242289880664394,24.51552795031056
24.0,2501.0,2484.0,17.0,99.32027189124351,0.6797281087564926,60013.0,57742.0,2271.0,23.428928490278185,63.13594662218515,39.70701813190696,25.425803610744165
25.0,2500.0,2486.0,14.0,99.44,0.5600000000000023,62513.0,60228.0,2285.0,24.437627811860942,63.525159855435085,39.08753204357414,26.357986870897154
26.0,2501.0,2473.0,28.0,98.88044782087165,1.1195521791283483,65014.0,62701.0,2313.0,25.441052358230273,64.30358632193494,38.86253396370467,27.108084738434933
27.0,2500.0,2493.0,7.0,99.72,0.28000000000000114,67514.0,65194.0,2320.0,26.45259194338949,64.49819293855991,38.04560099517042,28.10086206896552
28.0,2501.0,2478.0,23.0,99.08036785285886,0.9196321471411437,70015.0,67672.0,2343.0,27.458045249456294,65.13761467889908,37.67956942944279,28.88262910798122
29.0,2500.0,2489.0,11.0,99.56,0.4399999999999977,72515.0,70161.0,2354.0,28.467961826857533,65.4434250764526,36.975463249595066,29.80501274426508
30.0,2501.0,2483.0,18.0,99.28028788484606,0.7197121151539392,75016.0,72644.0,2372.0,29.475443892621808,65.94384209063108,36.46839819800927,30.625632377740303
31.0,2500.0,2481.0,19.0,99.24,0.7600000000000051,77516.0,75125.0,2391.0,30.48211445450709,66.4720600500417,35.989945595534614,31.41990798828942
32.0,2501.0,2482.0,19.0,99.24030387844861,0.7596961215513858,80017.0,77607.0,2410.0,31.489190768331873,67.00027800945232,35.51108724112044,32.20207468879668
33.0,2500.0,2484.0,16.0,99.36,0.6400000000000006,82517.0,80091.0,2426.0,32.49707858603564,67.44509313316652,34.94801454713088,33.013602638087384
34.0,2501.0,2481.0,20.0,99.20031987205118,0.7996801279488182,85018.0,82572.0,2446.0,33.50374914792093,68.00111203780929,34.497362889888365,33.7579721995094
35.0,2501.0,2489.0,12.0,99.52019192323071,0.47980807676928805,87519.0,85061.0,2458.0,34.51366572532217,68.33472338059494,33.82105765527277,34.60577705451587
36.0,2500.0,2483.0,17.0,99.32,0.6800000000000068,90019.0,87544.0,2475.0,35.52114779108644,68.80733944954129,33.28619165845485,35.37131313131313
37.0,2501.0,2485.0,16.0,99.36025589764094,0.6397441023590602,92520.0,90029.0,2491.0,36.529441360729706,69.2521545732555,32.72271321252579,36.141710156563626
38.0,2500.0,2478.0,22.0,99.12,0.8799999999999955,95020.0,92507.0,2513.0,37.534894666796504,69.86377536836252,32.32888070156602,36.811380819737366
39.0,2501.0,2487.0,14.0,99.44022391043582,0.5597760895641812,97521.0,94994.0,2527.0,38.54399974031876,70.25298860161246,31.708988861293697,37.59161060546102
40.0,2500.0,2479.0,21.0,99.16,0.8400000000000034,100021.0,97473.0,2548.0,39.549858798325054,70.83680845148736,31.286949653162303,38.25470957613815
41.0,2501.0,2473.0,28.0,98.88044782087165,1.1195521791283483,102522.0,99946.0,2576.0,40.553283344694385,71.61523491798721,31.061951573292824,38.79891304347826
42.0,2500.0,2478.0,22.0,99.12,0.8799999999999955,105022.0,102424.0,2598.0,41.55873665076119,72.22685571309424,30.668119062333048,39.42417244033872
43.0,2501.0,2486.0,15.0,99.40023990403839,0.5997600959616136,107523.0,104910.0,2613.0,42.56743597234395,72.64386989157632,30.076433919232365,40.149253731343286
44.0,2500.0,2478.0,22.0,99.12,0.8799999999999955,110023.0,107388.0,2635.0,43.57288927841075,73.25549068668334,29.682601408272596,40.754459203036056
45.0,2501.0,2483.0,18.0,99.28028788484606,0.7197121151539392,112524.0,109871.0,2653.0,44.58037134417503,73.75590770086183,29.1755363566868,41.41387108933283
46.0,2500.0,2478.0,22.0,99.12,0.8799999999999955,115024.0,112349.0,2675.0,45.585824650241825,74.36752849596887,28.781703845727044,41.999626168224296
47.0,2501.0,2482.0,19.0,99.24030387844861,0.7596961215513858,117525.0,114831.0,2694.0,46.59290096406661,74.89574645537948,28.302845491312873,42.62472160356347
48.0,2500.0,2480.0,20.0,99.2,0.7999999999999972,120025.0,117311.0,2714.0,47.5991657740124,75.45176536002224,27.852599586009838,43.2243920412675
49.0,2501.0,2487.0,14.0,99.44022391043582,0.5597760895641812,122526.0,119798.0,2728.0,48.60827084753465,75.84097859327217,27.23270774573752,43.91422287390029
50.0,2501.0,2488.0,13.0,99.48020791683327,0.5197920831667346,125027.0,122286.0,2741.0,49.617781672996394,76.20239088128996,26.584609208293564,44.61364465523531
51.0,2500.0,2482.0,18.0,99.28,0.7199999999999989,127527.0,124768.0,2759.0,50.624857986821176,76.70280789546844,26.077949908647263,45.22218194998188
52.0,2501.0,2480.0,21.0,99.16033586565374,0.8396641343462647,130028.0,127248.0,2780.0,51.63112279676697,77.28662774534334,25.65550494857637,45.7726618705036
53.0,2500.0,2486.0,14.0,99.44,0.5600000000000023,132528.0,129734.0,2794.0,52.63982211834973,77.67584097859327,25.036018860243544,46.43307086614173
54.0,2501.0,2484.0,17.0,99.32027189124351,0.6797281087564926,135029.0,132218.0,2811.0,53.647709936053495,78.14845704753962,24.500747111486127,47.03593027392387
55.0,2500.0,2482.0,18.0,99.28,0.7199999999999989,137529.0,134700.0,2829.0,54.65478624987828,78.6488740617181,23.994087811839826,47.61399787910923
56.0,2501.0,2484.0,17.0,99.32027189124351,0.6797281087564926,140030.0,137184.0,2846.0,55.662674067582046,79.12149013066444,23.458816063082395,48.20238931834153
57.0,2500.0,2483.0,17.0,99.32,0.6800000000000068,142530.0,139667.0,2863.0,56.67015613334632,79.59410619961079,22.923950066264474,48.78344393992316
58.0,2501.0,2483.0,18.0,99.28028788484606,0.7197121151539392,145031.0,142150.0,2881.0,57.67763819911059,80.09452321378927,22.416885014678684,49.340506768483166
59.0,2500.0,2480.0,20.0,99.2,0.7999999999999972,147531.0,144630.0,2901.0,58.68390300905639,80.65054211843203,21.96663910937564,49.85522233712513
60.0,2501.0,2480.0,21.0,99.16033586565374,0.8396641343462647,150032.0,147110.0,2922.0,59.69016781900218,81.23436196830693,21.54419414930475,50.34565366187543
61.0,2500.0,2492.0,8.0,99.68,0.3199999999999932,152532.0,149602.0,2930.0,60.7013016522219,81.45676953016402,20.755467877942124,51.058703071672355
62.0,2501.0,2481.0,20.0,99.20031987205118,0.7996801279488182,155033.0,152083.0,2950.0,61.70797221410719,82.01278843480678,20.304816220699593,51.5535593220339
63.0,2500.0,2475.0,25.0,99.0,1.0,157533.0,154558.0,2975.0,62.7122082643555,82.70781206561023,19.995603801254724,51.952268907563024
64.0,2501.0,2483.0,18.0,99.28028788484606,0.7197121151539392,160034.0,157041.0,2993.0,63.719690330119775,83.20822907978871,19.488538749668933,52.46942866688941
65.0,2500.0,2486.0,14.0,99.44,0.5600000000000023,162534.0,159527.0,3007.0,64.72838965170253,83.59744231303864,18.869052661336113,53.05187894911872
66.0,2501.0,2487.0,14.0,99.44022391043582,0.5597760895641812,165035.0,162014.0,3021.0,65.73749472522479,83.98665554628857,18.249160821063782,53.62926183382986
67.0,2501.0,2481.0,20.0,99.20031987205118,0.7996801279488182,167536.0,164495.0,3041.0,66.74416528711008,84.54267445093133,17.79850916382125,54.09240381453469
68.0,2500.0,2483.0,17.0,99.32,0.6800000000000068,170036.0,166978.0,3058.0,67.75164735287434,85.01529051987768,17.263643167003337,54.60366252452583
69.0,2501.0,2478.0,23.0,99.08036785285886,0.9196321471411437,172537.0,169456.0,3081.0,68.75710065894116,85.65471226021685,16.8976116012757,55.00032456994482
70.0,2500.0,2478.0,22.0,99.12,0.8799999999999955,175037.0,171934.0,3103.0,69.76255396500795,86.26633305532388,16.50377909031593,55.40895907186594
71.0,2501.0,2484.0,17.0,99.32027189124351,0.6797281087564926,177538.0,174418.0,3120.0,70.77044178271173,86.73894912427022,15.968507341558492,55.90320512820513
72.0,2500.0,2485.0,15.0,99.4,0.5999999999999943,180038.0,176903.0,3135.0,71.77873535235499,87.1559633027523,15.377227950397312,56.428389154704945
73.0,2501.0,2483.0,18.0,99.28028788484606,0.7197121151539392,182539.0,179386.0,3153.0,72.78621741811926,87.65638031693078,14.870162898811515,56.89375198223914
74.0,2500.0,2482.0,18.0,99.28,0.7199999999999989,185039.0,181868.0,3171.0,73.79329373194403,88.15679733110926,14.363503599165227,57.35351624093346
75.0,2501.0,2484.0,17.0,99.32027189124351,0.6797281087564926,187540.0,184352.0,3188.0,74.80118154964781,88.6294134000556,13.82823185040779,57.82685069008783
76.0,2500.0,2490.0,10.0,99.6,0.4000000000000057,190040.0,186842.0,3198.0,75.81150387898855,88.90742285237698,13.095918973388436,58.424640400250155
77.0,2501.0,2487.0,14.0,99.44022391043582,0.5597760895641812,192541.0,189329.0,3212.0,76.8206089525108,89.29663608562691,12.47602713311612,58.944271481942714
78.0,2500.0,2488.0,12.0,99.52,0.480000000000004,195041.0,191817.0,3224.0,77.83011977797254,89.63024742841256,11.800127650440018,59.496588089330025
79.0,2501.0,2476.0,25.0,99.00039984006398,0.9996001599360227,197542.0,194293.0,3249.0,78.83476158016035,90.325271059216,11.49050947905566,59.80086180363189
80.0,2500.0,2482.0,18.0,99.28,0.7199999999999989,200042.0,196775.0,3267.0,79.84183789398513,90.8256880733945,10.983850179409373,60.23109886746251
81.0,2501.0,2482.0,19.0,99.24030387844861,0.7596961215513858,202543.0,199257.0,3286.0,80.84891420780991,91.35390603280511,10.504991824995201,60.63816189896531
82.0,2500.0,2480.0,20.0,99.2,0.7999999999999972,205043.0,201737.0,3306.0,81.8551790177557,91.90992493744787,10.054745919692166,61.021476104053235
83.0,2501.0,2482.0,19.0,99.24030387844861,0.7596961215513858,207544.0,204219.0,3325.0,82.86225533158049,92.4381428968585,9.575887565278009,61.41924812030075
84.0,2501.0,2485.0,16.0,99.36025589764094,0.6397441023590602,210045.0,206704.0,3341.0,83.87054890122374,92.8829580205727,9.012409119348959,61.868901526489076
85.0,2500.0,2477.0,23.0,99.08,0.9200000000000017,212545.0,209181.0,3364.0,84.87559645535106,93.52237976091187,8.646783305560817,62.18222354340072
86.0,2501.0,2479.0,22.0,99.1203518592563,0.8796481407436971,215046.0,211660.0,3386.0,85.88145551335735,94.1340005560189,8.252545042661552,62.51033668044891
87.0,2500.0,2482.0,18.0,99.28,0.7199999999999989,217546.0,214142.0,3404.0,86.88853182718213,94.63441757019739,7.745885743015251,62.908930669800235
88.0,2501.0,2478.0,23.0,99.08036785285886,0.9196321471411437,220047.0,216620.0,3427.0,87.89398513324893,95.27383931053656,7.379854177287626,63.20980449372629
89.0,2500.0,2487.0,13.0,99.48,0.519999999999996,222547.0,219107.0,3440.0,88.90309020677118,95.63525159855435,6.7321613917831655,63.69389534883721
90.0,2501.0,2489.0,12.0,99.52019192323071,0.47980807676928805,225048.0,221596.0,3452.0,89.91300678417242,95.96886294134,6.055856157167582,64.19351100811124
91.0,2500.0,2489.0,11.0,99.56,0.4399999999999977,227548.0,224085.0,3463.0,90.92292336157367,96.27467333889352,5.351749977319855,64.70834536529021
92.0,2501.0,2485.0,16.0,99.36025589764094,0.6397441023590602,230049.0,226570.0,3479.0,91.93121693121694,96.71948846260773,4.788271531390791,65.12503592986491
93.0,2500.0,2481.0,19.0,99.24,0.7600000000000051,232549.0,229051.0,3498.0,92.93788749310222,97.24770642201835,4.30981892891613,65.48056032018296
94.0,2501.0,2489.0,12.0,99.52019192323071,0.47980807676928805,235050.0,231540.0,3510.0,93.94780407050345,97.581317764804,3.6335136943005466,65.96581196581197
95.0,2500.0,2491.0,9.0,99.64,0.35999999999999943,237550.0,234031.0,3519.0,94.95853215178369,97.83152627189324,2.872994120109553,66.50497300369423
96.0,2501.0,2487.0,14.0,99.44022391043582,0.5597760895641812,240051.0,236518.0,3533.0,95.96763722530594,98.22073950514317,2.253102279837236,66.945372204925
97.0,2500.0,2488.0,12.0,99.52,0.480000000000004,242551.0,239006.0,3545.0,96.97714805076768,98.55435084792883,1.5772027971611493,67.42059238363893
98.0,2501.0,2479.0,22.0,99.1203518592563,0.8796481407436971,245052.0,241485.0,3567.0,97.98300710877398,99.16597164303586,1.1829645342618846,67.69974768713205
99.0,2500.0,2485.0,15.0,99.4,0.5999999999999943,247552.0,243970.0,3582.0,98.99130067841725,99.58298582151794,0.5916851431006904,68.10999441652707
100.0,2501.0,2486.0,15.0,99.40023990403839,0.5997600959616136,250053.0,246456.0,3597.0,100.0,100.0,0.0,68.51709758131777
