bin,#recs,#g,#b,%g,%b,tot,cg,cb,%cg,FDR,KS,FPR
0.0,0.0,0.0,0.0,0.0,0.0,0.0,0.0,0.0,0.0,0.0,0.0,0.0
1.0,5835.0,1649.0,4186.0,28.260497000856898,71.7395029991431,5835.0,1649.0,4186.0,0.28676066527083144,49.77407847800238,49.48731781273155,0.39393215480172
2.0,5834.0,5722.0,112.0,98.08021940349674,1.9197805965032586,11669.0,7371.0,4298.0,1.2818149567685255,51.10582639714625,49.824011440377724,1.714983713355049
3.0,5835.0,5747.0,88.0,98.49185946872322,1.50814053127678,17504.0,13118.0,4386.0,2.2812167416754194,52.15219976218787,49.87098302051245,2.9908800729594165
4.0,5834.0,5810.0,24.0,99.58861844360645,0.41138155639355034,23338.0,18928.0,4410.0,3.2915742099734975,52.43757431629013,49.146000106316635,4.292063492063492
5.0,5835.0,5785.0,50.0,99.14310197086547,0.856898029134527,29173.0,24713.0,4460.0,4.297584184862376,53.0321046373365,48.73452045247413,5.541031390134529
6.0,5834.0,5795.0,39.0,99.33150497086048,0.6684950291395211,35007.0,30508.0,4499.0,5.305333157114934,53.495838287752676,48.190505130637746,6.781062458324072
7.0,5835.0,5785.0,50.0,99.14310197086547,0.856898029134527,40842.0,36293.0,4549.0,6.311343132003812,54.09036860879905,47.77902547679523,7.978236975159375
8.0,5834.0,5807.0,27.0,99.53719574905725,0.462804250942753,46676.0,42100.0,4576.0,7.321178901092786,54.41141498216409,47.0902360810713,9.200174825174825
9.0,5835.0,5798.0,37.0,99.36589545844045,0.6341045415595516,52511.0,47898.0,4613.0,8.329449572554449,54.85136741973841,46.52191784718396,10.383264686754824
10.0,5834.0,5803.0,31.0,99.46863215632499,0.5313678436750138,58345.0,53701.0,4644.0,9.33858974269795,55.21997621878716,45.88138647608921,11.563522825150732
11.0,5835.0,5787.0,48.0,99.17737789203085,0.8226221079691527,64180.0,59488.0,4692.0,10.344947517059564,55.79072532699168,45.44577780993211,12.678601875532822
12.0,5834.0,5788.0,46.0,99.21151868357902,0.7884813164209845,70014.0,65276.0,4738.0,11.351479191157546,56.33769322235434,44.986214031196795,13.777121148163783
13.0,5835.0,5791.0,44.0,99.24592973436161,0.75407026563839,75849.0,71067.0,4782.0,12.358532564464632,56.86087990487515,44.502347340410516,14.861355081555834
14.0,5835.0,5788.0,47.0,99.19451585261353,0.8054841473864656,81684.0,76855.0,4829.0,13.365064238562613,57.41973840665874,44.05467416809613,15.91530337544005
15.0,5834.0,5790.0,44.0,99.24580047994515,0.7541995200548541,87518.0,82645.0,4873.0,14.371943712133332,57.942925089179546,43.570981377046216,16.959778370613584
16.0,5835.0,5787.0,48.0,99.17737789203085,0.8226221079691527,93353.0,88432.0,4921.0,15.378301486494946,58.51367419738407,43.13537271088912,17.970331233489127
17.0,5834.0,5784.0,50.0,99.14295509084675,0.8570449091532453,99187.0,94216.0,4971.0,16.384137561647456,59.10820451843044,42.724066956782984,18.95312814323074
18.0,5835.0,5791.0,44.0,99.24592973436161,0.75407026563839,105022.0,100007.0,5015.0,17.391190934954544,59.63139120095125,42.240200265996705,19.941575274177467
19.0,5834.0,5794.0,40.0,99.3143640726774,0.6856359273225934,110856.0,105801.0,5055.0,18.398766007470734,60.10701545778835,41.708249450317616,20.929970326409496
20.0,5835.0,5796.0,39.0,99.33161953727506,0.6683804627249401,116691.0,111597.0,5094.0,19.406688879459658,60.57074910820452,41.16406022874486,21.9075382803298
21.0,5834.0,5790.0,44.0,99.24580047994515,0.7541995200548541,122525.0,117387.0,5138.0,20.413568353030378,61.093935790725325,40.68036743769495,22.846827559361618
22.0,5835.0,5805.0,30.0,99.48586118251929,0.5141388174807133,128360.0,123192.0,5168.0,21.423056322646616,61.45065398335315,40.02759766070653,23.8374613003096
23.0,5834.0,5794.0,40.0,99.3143640726774,0.6856359273225934,134194.0,128986.0,5208.0,22.430631395162806,61.92627824019025,39.495646845027444,24.76689708141321
24.0,5835.0,5785.0,50.0,99.14310197086547,0.856898029134527,140029.0,134771.0,5258.0,23.43664137005168,62.52080856123662,39.08416719118494,25.63160897679726
25.0,5835.0,5788.0,47.0,99.19451585261353,0.8054841473864656,145864.0,140559.0,5305.0,24.443173044149663,63.07966706302022,38.63649401887055,26.495570216776624
26.0,5834.0,5784.0,50.0,99.14295509084675,0.8570449091532453,151698.0,146343.0,5355.0,25.449009119302175,63.67419738406659,38.22518826476441,27.32829131652661
27.0,5835.0,5795.0,40.0,99.31448157669237,0.6855184233076272,157533.0,152138.0,5395.0,26.456758091554732,64.14982164090368,37.69306354934895,28.199814643188137
28.0,5834.0,5788.0,46.0,99.21151868357902,0.7884813164209845,163367.0,157926.0,5441.0,27.463289765652714,64.69678953626635,37.23349977061363,29.02517919500092
29.0,5835.0,5793.0,42.0,99.280205655527,0.7197943444730015,169202.0,163719.0,5483.0,28.470690938432536,65.1961950059453,36.72550406751276,29.859383549151925
30.0,5834.0,5795.0,39.0,99.33150497086048,0.6684950291395211,175036.0,169514.0,5522.0,29.478439910685097,65.65992865636147,36.181488745676376,30.697935530604852
31.0,5835.0,5796.0,39.0,99.33161953727506,0.6683804627249401,180871.0,175310.0,5561.0,30.48636278267402,66.12366230677765,35.637299524103625,31.52490559251933
32.0,5834.0,5787.0,47.0,99.19437778539596,0.8056222146040426,186705.0,181097.0,5608.0,31.492720557035636,66.68252080856124,35.1898002515256,32.29261768901569
33.0,5835.0,5790.0,45.0,99.22879177377892,0.7712082262210771,192540.0,186887.0,5653.0,32.49960003060635,67.21759809750297,34.71799806689662,33.0597912612772
34.0,5834.0,5799.0,35.0,99.40006856359273,0.5999314364072745,198374.0,192686.0,5688.0,33.508044601804386,67.63376932223544,34.12572472043105,33.87587904360056
35.0,5835.0,5789.0,46.0,99.21165381319624,0.7883461868037642,204209.0,198475.0,5734.0,34.51475017563873,68.1807372175981,33.66598704195936,34.613707708406
36.0,5834.0,5798.0,36.0,99.38292766540967,0.6170723345903326,210043.0,204273.0,5770.0,35.5230208471004,68.6087990487515,33.085778201651095,35.402599653379546
37.0,5835.0,5800.0,35.0,99.40017137960582,0.5998286203941774,215878.0,210073.0,5805.0,36.53163931803479,69.02497027348394,32.49333095544915,36.188285960378984
38.0,5835.0,5796.0,39.0,99.33161953727506,0.6683804627249401,221713.0,215869.0,5844.0,37.53956219002372,69.48870392390012,31.949141733876395,36.93856947296372
39.0,5834.0,5794.0,40.0,99.3143640726774,0.6856359273225934,227547.0,221663.0,5884.0,38.54713726253991,69.96432818073721,31.4171909181973,37.67216179469749
40.0,5835.0,5782.0,53.0,99.0916880891174,0.9083119108826025,233382.0,227445.0,5937.0,39.55262553821969,70.59453032104638,31.04190478282669,38.30975240020212
41.0,5834.0,5805.0,29.0,99.50291395269112,0.4970860473088834,239216.0,233250.0,5966.0,40.562113507835925,70.93935790725327,30.377244399417343,39.096547100234666
42.0,5835.0,5784.0,51.0,99.12596401028277,0.8740359897172283,245051.0,239034.0,6017.0,41.56794958298843,71.54577883472056,29.977829251732132,39.72644174837959
43.0,5834.0,5797.0,37.0,99.36578676722661,0.6342132327733907,250885.0,244831.0,6054.0,42.576046354713725,71.98573127229488,29.40968491758116,40.441195903534854
44.0,5835.0,5795.0,40.0,99.31448157669237,0.6855184233076272,256720.0,250626.0,6094.0,43.58379532696628,72.46135552913199,28.87756020216571,41.12668198227765
45.0,5834.0,5801.0,33.0,99.43435035995886,0.5656496400411442,262554.0,256427.0,6127.0,44.59258769763705,72.85374554102259,28.26115784338554,41.85196670474947
46.0,5835.0,5795.0,40.0,99.31448157669237,0.6855184233076272,268389.0,262222.0,6167.0,45.60033666988961,73.32936979785968,27.729033127970077,42.520188097940654
47.0,5834.0,5802.0,32.0,99.45149125814193,0.5485087418580719,274223.0,268024.0,6199.0,46.60930294029674,73.70986920332938,27.100566263032633,43.23665107275367
48.0,5835.0,5793.0,42.0,99.280205655527,0.7197943444730015,280058.0,273817.0,6241.0,47.616704113076565,74.20927467300832,26.592570559931758,43.87389841371575
49.0,5834.0,5783.0,51.0,99.1258141926637,0.8741858073363034,285892.0,279600.0,6292.0,48.62236628849271,74.81569560047562,26.193329311982914,44.43738080101716
50.0,5835.0,5797.0,38.0,99.34875749785776,0.6512425021422388,291727.0,285397.0,6330.0,49.630463060218,75.26753864447087,25.637075584252877,45.086413902053714
51.0,5835.0,5796.0,39.0,99.33161953727506,0.6683804627249401,297562.0,291193.0,6369.0,50.63838593220693,75.73127229488703,25.092886362680105,45.72036426440572
52.0,5834.0,5801.0,33.0,99.43435035995886,0.5656496400411442,303396.0,296994.0,6402.0,51.64717830287769,76.12366230677765,24.476484003899955,46.39081537019681
53.0,5835.0,5785.0,50.0,99.14310197086547,0.856898029134527,309231.0,302779.0,6452.0,52.653188277766574,76.71819262782402,24.06500435005745,46.927929324240544
54.0,5834.0,5785.0,49.0,99.16009598902983,0.839904010970173,315065.0,308564.0,6501.0,53.65919825265545,77.30083234244947,23.641634089794017,47.46408244885402
55.0,5835.0,5782.0,53.0,99.0916880891174,0.9083119108826025,320900.0,314346.0,6554.0,54.664686528335224,77.93103448275862,23.266347954423395,47.962465669819956
56.0,5834.0,5794.0,40.0,99.3143640726774,0.6856359273225934,326734.0,320140.0,6594.0,55.672261600851414,78.40665873959571,22.7343971387443,48.55019714892326
57.0,5835.0,5796.0,39.0,99.33161953727506,0.6683804627249401,332569.0,325936.0,6633.0,56.68018447284034,78.87039239001189,22.19020791717155,49.13854967586311
58.0,5834.0,5792.0,42.0,99.28008227631128,0.7199177236887238,338403.0,331728.0,6675.0,57.68741174588379,79.36979785969085,21.682386113807055,49.697078651685395
59.0,5835.0,5794.0,41.0,99.29734361610969,0.7026563838903144,344238.0,337522.0,6716.0,58.69498681839998,79.85731272294888,21.162325904548894,50.2564026206075
60.0,5834.0,5777.0,57.0,99.0229688035653,0.9770311964346945,350072.0,343299.0,6773.0,59.69960559539792,80.53507728894174,20.835471693543816,50.68640188985678
61.0,5835.0,5785.0,50.0,99.14310197086547,0.856898029134527,355907.0,349084.0,6823.0,60.705615570286795,81.12960760998811,20.423992039701318,51.16283159900337
62.0,5834.0,5787.0,47.0,99.19437778539596,0.8056222146040426,361741.0,354871.0,6870.0,61.711973344648406,81.6884661117717,19.976492767123297,51.655167394468705
63.0,5835.0,5791.0,44.0,99.24592973436161,0.75407026563839,367576.0,360662.0,6914.0,62.719026717955494,82.2116527942925,19.49262607633701,52.164015041943884
64.0,5835.0,5787.0,48.0,99.17737789203085,0.8226221079691527,373411.0,366449.0,6962.0,63.72538449231711,82.78240190249703,19.057017410179917,52.63559322033898
65.0,5834.0,5804.0,30.0,99.48577305450806,0.5142269454919415,379245.0,372253.0,6992.0,64.73469856219698,83.13912009512485,18.40442153292787,53.23984553775744
66.0,5835.0,5786.0,49.0,99.16023993144816,0.8397600685518398,385080.0,378039.0,7041.0,65.74088243682223,83.7217598097503,17.980877372928063,53.691095014912655
67.0,5834.0,5783.0,51.0,99.1258141926637,0.8741858073363034,390914.0,383822.0,7092.0,66.74654461223837,84.3281807372176,17.581636124979227,54.12041737168641
68.0,5835.0,5787.0,48.0,99.17737789203085,0.8226221079691527,396749.0,389609.0,7140.0,67.75290238659998,84.89892984542212,17.146027458822132,54.56708683473389
69.0,5834.0,5800.0,34.0,99.4172094617758,0.5827905382242022,402583.0,395409.0,7174.0,68.76152085753438,85.30321046373365,16.54168960619927,55.11695009757457
70.0,5835.0,5796.0,39.0,99.33161953727506,0.6683804627249401,408418.0,401205.0,7213.0,69.7694437295233,85.76694411414982,15.99750038462652,55.62248717593234
71.0,5834.0,5801.0,33.0,99.43435035995886,0.5656496400411442,414252.0,407006.0,7246.0,70.77823610019408,86.15933412604043,15.381098025846356,56.169748826939
72.0,5835.0,5790.0,45.0,99.22879177377892,0.7712082262210771,420087.0,412796.0,7291.0,71.78511557376478,86.69441141498217,14.909295841217386,56.61719928679194
73.0,5834.0,5790.0,44.0,99.24580047994515,0.7541995200548541,425921.0,418586.0,7335.0,72.7919950473355,87.21759809750297,14.425603050167467,57.066939331970005
74.0,5835.0,5783.0,52.0,99.10882604970008,0.8911739502999154,431756.0,424369.0,7387.0,73.79765722275165,87.8359096313912,14.03825240863955,57.44808447272235
75.0,5834.0,5782.0,52.0,99.10867329448062,0.8913267055193757,437590.0,430151.0,7439.0,74.80314549843142,88.45422116527944,13.651075666848016,57.823766635300444
76.0,5835.0,5792.0,43.0,99.2630676949443,0.7369323050557028,443425.0,435943.0,7482.0,75.81037277147487,88.96551724137932,13.155144469904442,58.265570703020586
77.0,5835.0,5791.0,44.0,99.24592973436161,0.75407026563839,449260.0,441734.0,7526.0,76.81742614478196,89.48870392390012,12.671277779118157,58.69439277172469
78.0,5834.0,5795.0,39.0,99.33150497086048,0.6684950291395211,455094.0,447529.0,7565.0,77.82517511703452,89.95243757431629,12.127262457281773,59.15783212161269
79.0,5835.0,5794.0,41.0,99.29734361610969,0.7026563838903144,460929.0,453323.0,7606.0,78.83275018955071,90.43995243757432,11.607202248023611,59.60070996581646
80.0,5834.0,5793.0,41.0,99.29722317449435,0.7027768255056515,466763.0,459116.0,7647.0,79.84015136233053,90.92746730083235,11.087315938501817,60.03870799006146
81.0,5835.0,5787.0,48.0,99.17737789203085,0.8226221079691527,472598.0,464903.0,7695.0,80.84650913669215,91.49821640903686,10.651707272344709,60.41624431448993
82.0,5834.0,5792.0,42.0,99.28008227631128,0.7199177236887238,478432.0,470695.0,7737.0,81.8537364097356,91.99762187871582,10.143885468980216,60.8368876825643
83.0,5835.0,5788.0,47.0,99.19451585261353,0.8054841473864656,484267.0,476483.0,7784.0,82.86026808383359,92.55648038049941,9.69621229666582,61.21312949640288
84.0,5834.0,5791.0,43.0,99.26294137812822,0.7370586218717818,490101.0,482274.0,7827.0,83.86732145714068,93.06777645659929,9.200454999458614,61.616711383671905
85.0,5835.0,5791.0,44.0,99.24592973436161,0.75407026563839,495936.0,488065.0,7871.0,84.87437483044776,93.59096313912009,8.716588308672328,62.00800406555711
86.0,5834.0,5788.0,46.0,99.21151868357902,0.7884813164209845,501770.0,493853.0,7917.0,85.88090650454573,94.13793103448276,8.257024529937027,62.37880510294303
87.0,5835.0,5785.0,50.0,99.14310197086547,0.856898029134527,507605.0,499638.0,7967.0,86.88691647943462,94.73246135552913,7.8455448760945075,62.713442952177736
88.0,5835.0,5782.0,53.0,99.0916880891174,0.9083119108826025,513440.0,505420.0,8020.0,87.89240475511438,95.36266349583829,7.4702587407239065,63.01995012468828
89.0,5834.0,5795.0,39.0,99.33150497086048,0.6684950291395211,519274.0,511215.0,8059.0,88.90015372736696,95.82639714625446,6.926243418887509,63.434048889440376
90.0,5835.0,5798.0,37.0,99.36589545844045,0.6341045415595516,525109.0,517013.0,8096.0,89.90842439882861,96.26634958382877,6.3579251850001555,63.86030138339921
91.0,5834.0,5788.0,46.0,99.21151868357902,0.7884813164209845,530943.0,522801.0,8142.0,90.9149560729266,96.81331747919144,5.89836140626484,64.21039056742815
92.0,5835.0,5810.0,25.0,99.57155098543274,0.4284490145672635,536778.0,528611.0,8167.0,91.92531354122467,97.11058263971462,5.185269098489954,64.72523570466511
93.0,5834.0,5792.0,42.0,99.28008227631128,0.7199177236887238,542612.0,534403.0,8209.0,92.93254081426812,97.60998810939358,4.677447295125461,65.09964672919966
94.0,5835.0,5804.0,31.0,99.46872322193659,0.5312767780634147,548447.0,540207.0,8240.0,93.941854884148,97.97859690844233,4.036742024294327,65.55910194174757
95.0,5834.0,5804.0,30.0,99.48577305450806,0.5142269454919415,554281.0,546011.0,8270.0,94.95116895402786,98.33531510107015,3.384146147042287,66.02309552599758
96.0,5835.0,5804.0,31.0,99.46872322193659,0.5312767780634147,560116.0,551815.0,8301.0,95.96048302390774,98.70392390011891,2.7434408762111673,66.47572581616673
97.0,5834.0,5804.0,30.0,99.48577305450806,0.5142269454919415,565950.0,557619.0,8331.0,96.9697970937876,99.06064209274673,2.0908449989591276,66.93302124594886
98.0,5835.0,5807.0,28.0,99.52013710368466,0.47986289631533907,571785.0,563426.0,8359.0,97.97963286287658,99.3935790725327,1.4139462096561175,67.40351716712526
99.0,5834.0,5809.0,25.0,99.57147754542338,0.42852245457662264,577619.0,569235.0,8384.0,98.98981643143829,99.69084423305588,0.7010278016175988,67.89539599236642
100.0,5835.0,5809.0,26.0,99.55441302485005,0.4455869751499506,583454.0,575044.0,8410.0,100.0,100.0,0.0,68.37621878715815
